16 30 -1 -1 -1 -1 -1 -1 -1 -1 -1 -1 -1 -1 
7 16 -1 -1 -1 -1 -1 -1 -1 -1 -1 -1 -1 -1 
7 16 -1 -1 -1 -1 -1 -1 -1 -1 -1 -1 -1 -1 
13 40 -1 -1 -1 -1 -1 -1 -1 -1 -1 -1 -1 -1 
12 40 -1 -1 -1 -1 -1 -1 -1 -1 -1 -1 -1 -1 
9 18 -1 -1 -1 -1 -1 -1 -1 -1 -1 -1 -1 -1 
44 30 -1 -1 -1 -1 -1 -1 -1 -1 -1 -1 -1 -1 
15 29 -1 -1 -1 -1 -1 -1 -1 -1 -1 -1 -1 -1 
15 29 -1 -1 -1 -1 -1 -1 -1 -1 -1 -1 -1 -1 
43 30 -1 -1 -1 -1 -1 -1 -1 -1 -1 -1 -1 -1 
43 30 -1 -1 -1 -1 -1 -1 -1 -1 -1 -1 -1 -1 
11 -1 -1 -1 -1 -1 -1 -1 -1 -1 -1 -1 -1 -1 
43 50 -1 -1 -1 -1 -1 -1 -1 -1 -1 -1 -1 -1 
43 50 -1 -1 -1 -1 -1 -1 -1 -1 -1 -1 -1 -1 
10 45 -1 -1 -1 -1 -1 -1 -1 -1 -1 -1 -1 -1 
33 30 -1 -1 -1 -1 -1 -1 -1 -1 -1 -1 -1 -1 
0 28 -1 -1 -1 -1 -1 -1 -1 -1 -1 -1 -1 -1 
18 0 -1 -1 -1 -1 -1 -1 -1 -1 -1 -1 -1 -1 
33 30 -1 -1 -1 -1 -1 -1 -1 -1 -1 -1 -1 -1 
15 33 -1 -1 -1 -1 -1 -1 -1 -1 -1 -1 -1 -1 
34 33 -1 -1 -1 -1 -1 -1 -1 -1 -1 -1 -1 -1 
0 34 -1 -1 -1 -1 -1 -1 -1 -1 -1 -1 -1 -1 
21 50 -1 -1 -1 -1 -1 -1 -1 -1 -1 -1 -1 -1 
2 21 15 -1 -1 -1 -1 -1 -1 -1 -1 -1 -1 -1 
33 48 -1 -1 -1 -1 -1 -1 -1 -1 -1 -1 -1 -1 
46 47 -1 -1 -1 -1 -1 -1 -1 -1 -1 -1 -1 -1 
13 51 -1 -1 -1 -1 -1 -1 -1 -1 -1 -1 -1 -1 
20 51 -1 -1 -1 -1 -1 -1 -1 -1 -1 -1 -1 -1 
15 50 -1 -1 -1 -1 -1 -1 -1 -1 -1 -1 -1 -1 
15 50 -1 -1 -1 -1 -1 -1 -1 -1 -1 -1 -1 -1 
10 15 -1 -1 -1 -1 -1 -1 -1 -1 -1 -1 -1 -1 
34 50 -1 -1 -1 -1 -1 -1 -1 -1 -1 -1 -1 -1 
10 50 -1 -1 -1 -1 -1 -1 -1 -1 -1 -1 -1 -1 
10 1 -1 -1 -1 -1 -1 -1 -1 -1 -1 -1 -1 -1 
17 24 -1 -1 -1 -1 -1 -1 -1 -1 -1 -1 -1 -1 
24 54 -1 -1 -1 -1 -1 -1 -1 -1 -1 -1 -1 -1 
40 33 -1 -1 -1 -1 -1 -1 -1 -1 -1 -1 -1 -1 
9 23 -1 -1 -1 -1 -1 -1 -1 -1 -1 -1 -1 -1 
17 23 -1 -1 -1 -1 -1 -1 -1 -1 -1 -1 -1 -1 
17 23 -1 -1 -1 -1 -1 -1 -1 -1 -1 -1 -1 -1 
15 33 -1 -1 -1 -1 -1 -1 -1 -1 -1 -1 -1 -1 
15 28 -1 -1 -1 -1 -1 -1 -1 -1 -1 -1 -1 -1 
7 21 -1 -1 -1 -1 -1 -1 -1 -1 -1 -1 -1 -1 
7 21 -1 -1 -1 -1 -1 -1 -1 -1 -1 -1 -1 -1 
7 21 -1 -1 -1 -1 -1 -1 -1 -1 -1 -1 -1 -1 
43 13 -1 -1 -1 -1 -1 -1 -1 -1 -1 -1 -1 -1 
32 53 -1 -1 -1 -1 -1 -1 -1 -1 -1 -1 -1 -1 
11 43 -1 -1 -1 -1 -1 -1 -1 -1 -1 -1 -1 -1 
11 45 -1 -1 -1 -1 -1 -1 -1 -1 -1 -1 -1 -1 
27 13 -1 -1 -1 -1 -1 -1 -1 -1 -1 -1 -1 -1 
27 31 -1 -1 -1 -1 -1 -1 -1 -1 -1 -1 -1 -1 
13 15 -1 -1 -1 -1 -1 -1 -1 -1 -1 -1 -1 -1 
13 23 -1 -1 -1 -1 -1 -1 -1 -1 -1 -1 -1 -1 
29 24 -1 -1 -1 -1 -1 -1 -1 -1 -1 -1 -1 -1 
11 29 -1 -1 -1 -1 -1 -1 -1 -1 -1 -1 -1 -1 
13 37 -1 -1 -1 -1 -1 -1 -1 -1 -1 -1 -1 -1 
6 35 -1 -1 -1 -1 -1 -1 -1 -1 -1 -1 -1 -1 
40 15 -1 -1 -1 -1 -1 -1 -1 -1 -1 -1 -1 -1 
12 25 -1 -1 -1 -1 -1 -1 -1 -1 -1 -1 -1 -1 
44 51 -1 -1 -1 -1 -1 -1 -1 -1 -1 -1 -1 -1 
44 51 -1 -1 -1 -1 -1 -1 -1 -1 -1 -1 -1 -1 
19 44 -1 -1 -1 -1 -1 -1 -1 -1 -1 -1 -1 -1 
24 54 -1 -1 -1 -1 -1 -1 -1 -1 -1 -1 -1 -1 
11 49 -1 -1 -1 -1 -1 -1 -1 -1 -1 -1 -1 -1 
11 49 -1 -1 -1 -1 -1 -1 -1 -1 -1 -1 -1 -1 
19 37 -1 -1 -1 -1 -1 -1 -1 -1 -1 -1 -1 -1 
37 35 -1 -1 -1 -1 -1 -1 -1 -1 -1 -1 -1 -1 
6 37 42 -1 -1 -1 -1 -1 -1 -1 -1 -1 -1 -1 
16 21 -1 -1 -1 -1 -1 -1 -1 -1 -1 -1 -1 -1 
21 55 -1 -1 -1 -1 -1 -1 -1 -1 -1 -1 -1 -1 
7 21 -1 -1 -1 -1 -1 -1 -1 -1 -1 -1 -1 -1 
44 50 -1 -1 -1 -1 -1 -1 -1 -1 -1 -1 -1 -1 
10 21 -1 -1 -1 -1 -1 -1 -1 -1 -1 -1 -1 -1 
5 30 -1 -1 -1 -1 -1 -1 -1 -1 -1 -1 -1 -1 
5 27 -1 -1 -1 -1 -1 -1 -1 -1 -1 -1 -1 -1 
5 27 -1 -1 -1 -1 -1 -1 -1 -1 -1 -1 -1 -1 
40 30 -1 -1 -1 -1 -1 -1 -1 -1 -1 -1 -1 -1 
9 35 -1 -1 -1 -1 -1 -1 -1 -1 -1 -1 -1 -1 
11 29 -1 -1 -1 -1 -1 -1 -1 -1 -1 -1 -1 -1 
11 29 -1 -1 -1 -1 -1 -1 -1 -1 -1 -1 -1 -1 
47 48 -1 -1 -1 -1 -1 -1 -1 -1 -1 -1 -1 -1 
47 54 -1 -1 -1 -1 -1 -1 -1 -1 -1 -1 -1 -1 
18 53 -1 -1 -1 -1 -1 -1 -1 -1 -1 -1 -1 -1 
34 33 -1 -1 -1 -1 -1 -1 -1 -1 -1 -1 -1 -1 
0 23 -1 -1 -1 -1 -1 -1 -1 -1 -1 -1 -1 -1 
36 38 -1 -1 -1 -1 -1 -1 -1 -1 -1 -1 -1 -1 
1 22 -1 -1 -1 -1 -1 -1 -1 -1 -1 -1 -1 -1 
10 27 -1 -1 -1 -1 -1 -1 -1 -1 -1 -1 -1 -1 
10 45 -1 -1 -1 -1 -1 -1 -1 -1 -1 -1 -1 -1 
30 38 -1 -1 -1 -1 -1 -1 -1 -1 -1 -1 -1 -1 
22 38 -1 -1 -1 -1 -1 -1 -1 -1 -1 -1 -1 -1 
36 56 -1 -1 -1 -1 -1 -1 -1 -1 -1 -1 -1 -1 
8 56 -1 -1 -1 -1 -1 -1 -1 -1 -1 -1 -1 -1 
52 -1 -1 -1 -1 -1 -1 -1 -1 -1 -1 -1 -1 -1 
5 30 -1 -1 -1 -1 -1 -1 -1 -1 -1 -1 -1 -1 
11 17 -1 -1 -1 -1 -1 -1 -1 -1 -1 -1 -1 -1 
11 24 -1 -1 -1 -1 -1 -1 -1 -1 -1 -1 -1 -1 
44 51 -1 -1 -1 -1 -1 -1 -1 -1 -1 -1 -1 -1 
44 20 31 -1 -1 -1 -1 -1 -1 -1 -1 -1 -1 -1 
47 30 -1 -1 -1 -1 -1 -1 -1 -1 -1 -1 -1 -1 
46 47 -1 -1 -1 -1 -1 -1 -1 -1 -1 -1 -1 -1 
11 55 -1 -1 -1 -1 -1 -1 -1 -1 -1 -1 -1 -1 
26 55 -1 -1 -1 -1 -1 -1 -1 -1 -1 -1 -1 -1 
27 19 -1 -1 -1 -1 -1 -1 -1 -1 -1 -1 -1 -1 
27 19 -1 -1 -1 -1 -1 -1 -1 -1 -1 -1 -1 -1 
19 35 -1 -1 -1 -1 -1 -1 -1 -1 -1 -1 -1 -1 
6 42 -1 -1 -1 -1 -1 -1 -1 -1 -1 -1 -1 -1 
24 36 -1 -1 -1 -1 -1 -1 -1 -1 -1 -1 -1 -1 
30 45 -1 -1 -1 -1 -1 -1 -1 -1 -1 -1 -1 -1 
30 45 -1 -1 -1 -1 -1 -1 -1 -1 -1 -1 -1 -1 
27 19 -1 -1 -1 -1 -1 -1 -1 -1 -1 -1 -1 -1 
27 19 -1 -1 -1 -1 -1 -1 -1 -1 -1 -1 -1 -1 
17 24 -1 -1 -1 -1 -1 -1 -1 -1 -1 -1 -1 -1 
16 45 -1 -1 -1 -1 -1 -1 -1 -1 -1 -1 -1 -1 
27 35 -1 -1 -1 -1 -1 -1 -1 -1 -1 -1 -1 -1 
29 44 -1 -1 -1 -1 -1 -1 -1 -1 -1 -1 -1 -1 
14 29 -1 -1 -1 -1 -1 -1 -1 -1 -1 -1 -1 -1 
34 51 -1 -1 -1 -1 -1 -1 -1 -1 -1 -1 -1 -1 
3 34 -1 -1 -1 -1 -1 -1 -1 -1 -1 -1 -1 -1 
29 30 -1 -1 -1 -1 -1 -1 -1 -1 -1 -1 -1 -1 
29 39 -1 -1 -1 -1 -1 -1 -1 -1 -1 -1 -1 -1 
11 24 -1 -1 -1 -1 -1 -1 -1 -1 -1 -1 -1 -1 
18 53 -1 -1 -1 -1 -1 -1 -1 -1 -1 -1 -1 -1 
11 22 -1 -1 -1 -1 -1 -1 -1 -1 -1 -1 -1 -1 
35 48 -1 -1 -1 -1 -1 -1 -1 -1 -1 -1 -1 -1 
40 37 -1 -1 -1 -1 -1 -1 -1 -1 -1 -1 -1 -1 
43 19 -1 -1 -1 -1 -1 -1 -1 -1 -1 -1 -1 -1 
30 24 -1 -1 -1 -1 -1 -1 -1 -1 -1 -1 -1 -1 
62 -1 -1 -1 -1 -1 -1 -1 -1 -1 -1 -1 -1 -1 
3 15 -1 -1 -1 -1 -1 -1 -1 -1 -1 -1 -1 -1 
22 29 -1 -1 -1 -1 -1 -1 -1 -1 -1 -1 -1 -1 
61 -1 -1 -1 -1 -1 -1 -1 -1 -1 -1 -1 -1 -1 
33 30 -1 -1 -1 -1 -1 -1 -1 -1 -1 -1 -1 -1 
29 -1 -1 -1 -1 -1 -1 -1 -1 -1 -1 -1 -1 -1 
46 48 -1 -1 -1 -1 -1 -1 -1 -1 -1 -1 -1 -1 
9 40 -1 -1 -1 -1 -1 -1 -1 -1 -1 -1 -1 -1 
39 54 -1 -1 -1 -1 -1 -1 -1 -1 -1 -1 -1 -1 
29 51 -1 -1 -1 -1 -1 -1 -1 -1 -1 -1 -1 -1 
29 51 -1 -1 -1 -1 -1 -1 -1 -1 -1 -1 -1 -1 
13 51 -1 -1 -1 -1 -1 -1 -1 -1 -1 -1 -1 -1 
3 19 51 -1 -1 -1 -1 -1 -1 -1 -1 -1 -1 -1 
0 15 -1 -1 -1 -1 -1 -1 -1 -1 -1 -1 -1 -1 
24 36 -1 -1 -1 -1 -1 -1 -1 -1 -1 -1 -1 -1 
22 -1 -1 -1 -1 -1 -1 -1 -1 -1 -1 -1 -1 -1 
54 -1 -1 -1 -1 -1 -1 -1 -1 -1 -1 -1 -1 -1 
9 -1 -1 -1 -1 -1 -1 -1 -1 -1 -1 -1 -1 -1 
14 1 -1 -1 -1 -1 -1 -1 -1 -1 -1 -1 -1 -1 
14 1 -1 -1 -1 -1 -1 -1 -1 -1 -1 -1 -1 -1 
2 0 -1 -1 -1 -1 -1 -1 -1 -1 -1 -1 -1 -1 
11 49 -1 -1 -1 -1 -1 -1 -1 -1 -1 -1 -1 -1 
0 2 3 8 10 17 19 22 25 32 41 45 46 54 