Bulbasaur 118 111 128 11 3 
Ivysaur 151 143 155 11 3 
Venusaur 198 189 190 11 3 
Charmander 116 93 118 9 18 
Charmeleon 158 126 151 9 18 
Charizard 223 173 186 9 2 
Squirtle 94 121 127 10 18 
Wartortle 126 155 153 10 18 
Blastoise 171 207 188 10 18 
Caterpie 55 55 128 6 18 
Metapod 45 80 137 6 18 
Butterfree 167 137 155 6 2 
Weedle 63 50 120 6 3 
Kakuna 46 75 128 6 3 
Beedrill 169 130 163 6 3 
Pidgey 85 73 120 0 2 
Pidgeotto 117 105 160 0 2 
Pidgeot 166 154 195 0 2 
Rattata 103 70 102 0 18 
Raticate 161 139 146 0 18 
Spearow 112 60 120 0 2 
Fearow 182 133 163 0 2 
Ekans 110 97 111 3 18 
Arbok 167 153 155 3 18 
Pikachu 112 96 111 12 18 
Raichu 193 151 155 12 18 
Sandshrew 126 120 137 4 18 
Sandslash 182 175 181 4 18 
Nidoran♀ 86 89 146 3 18 
Nidorina 117 120 172 3 18 
Nidoqueen 180 173 207 3 4 
Nidoran♂ 105 76 130 3 18 
Nidorino 137 111 156 3 18 
Nidoking 204 156 191 3 4 
Clefairy 107 108 172 17 18 
Clefable 178 162 216 17 18 
Vulpix 96 109 116 9 18 
Ninetales 169 190 177 9 18 
Jigglypuff 80 41 251 0 17 
Wigglytuff 156 90 295 0 17 
Zubat 83 73 120 3 2 
Golbat 161 150 181 3 2 
Oddish 131 112 128 11 3 
Gloom 153 136 155 11 3 
Vileplume 202 167 181 11 3 
Paras 121 99 111 6 11 
Parasect 165 146 155 6 11 
Venonat 100 100 155 6 3 
Venomoth 179 143 172 6 3 
Diglett 109 78 67 4 18 
Dugtrio 167 134 111 4 18 
Meowth 92 78 120 0 18 
Persian 150 136 163 0 18 
Psyduck 122 95 137 10 18 
Golduck 191 162 190 10 18 
Mankey 148 82 120 1 18 
Primeape 207 138 163 1 18 
Growlithe 136 93 146 9 18 
Arcanine 227 166 207 9 18 
Poliwag 101 82 120 10 18 
Poliwhirl 130 123 163 10 18 
Poliwrath 182 184 207 10 1 
Abra 195 82 93 13 18 
Kadabra 232 117 120 13 18 
Alakazam 271 167 146 13 18 
Machop 137 82 172 1 18 
Machoke 177 125 190 1 18 
Machamp 234 159 207 1 18 
Bellsprout 139 61 137 11 3 
Weepinbell 172 92 163 11 3 
Victreebel 207 135 190 11 3 
Tentacool 97 149 120 10 3 
Tentacruel 166 209 190 10 3 
Geodude 132 132 120 5 4 
Graveler 164 164 146 5 4 
Golem 211 198 190 5 4 
Ponyta 170 127 137 9 18 
Rapidash 207 162 163 9 18 
Slowpoke 109 98 207 10 13 
Slowbro 177 180 216 10 13 
Magnemite 165 121 93 12 8 
Magneton 223 169 137 12 8 
Farfetch 124 115 141 0 2 
Doduo 158 83 111 0 2 
Dodrio 218 140 155 0 2 
Seel 85 121 163 10 18 
Dewgong 139 177 207 10 14 
Grimer 135 90 190 3 18 
Muk 190 172 233 3 18 
Shellder 116 134 102 10 18 
Cloyster 186 256 137 10 14 
Gastly 186 67 102 7 3 
Haunter 223 107 128 7 3 
Gengar 261 149 155 7 3 
Onix 85 232 111 5 4 
Drowzee 89 136 155 13 18 
Hypno 144 193 198 13 18 
Krabby 181 124 102 10 18 
Kingler 240 181 146 10 18 
Voltorb 109 111 120 12 18 
Electrode 173 173 155 12 18 
Exeggcute 107 125 155 11 13 
Exeggutor 233 149 216 11 13 
Cubone 90 144 137 4 18 
Marowak 144 186 155 4 18 
Hitmonlee 224 181 137 1 18 
Hitmonchan 193 197 137 1 18 
Lickitung 108 137 207 0 18 
Koffing 119 141 120 3 18 
Weezing 174 197 163 3 18 
Rhyhorn 140 127 190 4 5 
Rhydon 222 171 233 4 5 
Chansey 60 128 487 0 18 
Tangela 183 169 163 11 18 
Kangaskhan 181 165 233 0 18 
Horsea 129 103 102 10 18 
Seadra 187 156 146 10 18 
Goldeen 123 110 128 10 18 
Seaking 175 147 190 10 18 
Staryu 137 112 102 10 18 
Starmie 210 184 155 10 13 
Mr_Mime 192 205 120 13 17 
Scyther 218 170 172 6 2 
Jynx 223 151 163 14 13 
Electabuzz 198 158 163 12 18 
Magmar 206 154 163 9 18 
Pinsir 238 182 163 6 18 
Tauros 198 183 181 0 18 
Magikarp 29 85 85 10 18 
Gyarados 237 186 216 10 2 
Lapras 165 174 277 10 14 
Ditto 91 91 134 0 18 
Eevee 104 114 146 0 18 
Vaporeon 205 161 277 10 18 
Jolteon 232 182 163 12 18 
Flareon 246 179 163 9 18 
Porygon 153 136 163 0 18 
Omanyte 155 153 111 5 11 
Omastar 207 201 172 5 11 
Kabuto 148 140 102 5 11 
Kabutops 220 186 155 5 11 
Aerodactyl 221 159 190 5 2 
Snorlax 190 169 330 0 18 
Articuno 192 236 207 14 2 
Zapdos 253 185 207 12 2 
Moltres 251 181 207 9 2 
Dratini 119 91 121 15 18 
Dragonair 163 135 156 15 18 
Dragonite 263 198 209 15 2 
Mewtwo 300 182 214 13 18 
Mew 210 210 225 13 18